1).txt$ 1 0.000005 382.76258214399064 31 5 50 5e-11
v 48 224 48 160 0 0 40 1.5 0 0 0.5
w 48 160 208 160 0
162 208 160 208 224 2 default-led 1 0 0 0.01
r 48 224 144 224 0 5
s 208 224 144 224 0 0 false
2).txt$ 1 0.000005 382.76258214399064 31 5 50 5e-11
v 48 224 48 160 0 0 40 5 0 0 0.5
w 48 160 96 160 0
s 160 160 96 160 0 0 false
w 160 160 208 160 0
w 208 160 208 224 0
181 208 224 48 224 0 306.14137532747213 100 120 0.4 0.4
3).txt$ 1 0.000005 382.76258214399064 59 5 50 5e-11
v 48 224 48 160 0 0 40 9 0 0 0.5
w 48 160 96 160 0
s 160 160 96 160 0 0 false
w 160 160 208 160 0
181 208 160 208 224 0 300.0000481520336 100 120 0.4 0.4
162 208 224 48 224 2 default-led 1 0 0 0.01
4).txt$ 1 0.000005 382.76258214399064 31 5 50 5e-11
v 48 224 48 160 0 0 40 9 0 0 0.5
370 48 160 144 160 3 0 0
s 144 160 144 224 0 0 false
r 144 224 48 224 0 10
5).txt$ 1 0.000005 382.76258214399064 31 5 50 5e-11
v 48 224 48 160 0 0 40 9 0 0 0.5
370 48 160 144 160 3 0 0
r 144 224 48 224 0 20
162 144 160 144 224 2 default-led 1 0 0 0.01
w 144 160 176 160 0
w 144 224 176 224 0
p 176 160 176 224 3 0 0 10000000
6).txt$ 1 0.000005 382.76258214399064 47 5 50 5e-11
v 48 224 48 160 0 0 40 9 0 0 0.5
r 144 160 144 208 0 1000
r 144 208 144 272 0 1000
w 48 160 144 160 0
w 144 272 48 272 0
w 48 272 48 224 0
p 128 304 64 304 3 0 0 10000000
w 144 272 128 304 0
w 48 272 64 304 0
g 144 272 144 320 0 0 	
7).$ 1 0.000005 382.76258214399064 47 5 50 5e-11
v 48 224 48 160 0 0 40 9 0 0 0.5
r 144 160 144 208 0 1000
r 176 160 176 208 0 1000
w 48 160 144 160 0
w 144 272 48 272 0
w 48 272 48 224 0
w 176 272 144 272 0
w 144 160 176 160 0
p 160 304 64 304 3 0 0 10000000
w 176 272 160 304 0
w 48 272 64 304 0
370 144 208 144 272 3 0 0
370 176 208 176 272 3 0 0
8).$ 1 0.000005 382.76258214399064 47 5 50 5e-11
v 48 272 48 192 0 0 40 9 0 0 0.5
r 128 192 128 272 0 1000
r 128 272 48 272 0 1000
r 128 192 48 192 0 1000
w 48 192 48 160 0
w 128 192 128 160 0
w 128 192 160 192 0
w 128 272 160 272 0
w 128 272 128 304 0
w 48 272 48 304 0
p 48 160 128 160 3 0 0 10000000
p 160 192 160 272 3 0 0 10000000
p 128 304 48 304 3 0 0 10000000
9).$ 1 0.000005 382.76258214399064 50 5 50 5e-11
r 336 80 336 112 0 6800
w 176 80 336 80 0
w 336 112 336 144 0
w 336 80 448 80 3
w 336 144 384 144 3
w 336 144 288 144 0
r 288 144 288 208 0 18000
r 384 144 384 208 0 2000
w 448 176 448 208 0
r 448 208 448 272 0 8200
w 288 208 288 224 0
w 384 208 384 224 0
w 448 272 336 272 3
w 288 224 336 224 3
w 384 224 336 224 0
w 336 224 336 272 0
g 48 272 48 304 0 0
370 48 80 176 80 3 0 0
v 48 272 48 80 0 0 40 12 0 0 0.5
370 448 80 448 176 3 0 0
w 336 272 48 272 3
p 336 144 336 224 3 0 0 10000000
10).$ 1 0.000005 382.76258214399064 35 5 50 5e-11
v 48 288 48 192 0 0 40 24 0 0 0.5
w 48 192 48 144 0
w 112 80 112 32 0
r 224 32 288 32 0 6
r 224 80 288 80 0 6
w 112 80 112 144 0
r 224 144 288 144 0 2
370 112 80 224 80 3 0 0
370 112 32 224 32 3 0 0
370 112 144 224 144 3 0 0
370 48 80 112 80 3 0 0
w 48 80 48 144 0
w 288 32 288 80 0
w 288 144 288 80 0
370 288 80 352 80 3 0 0
w 352 80 448 80 2
p 112 -16 288 -16 3 0 0 10000000
w 288 32 288 -16 0
w 112 32 112 -16 0
370 448 80 448 144 3 0 0
w 448 144 416 144 0
w 448 144 480 144 0
370 416 144 416 208 3 0 0
370 480 144 480 208 3 0 0
r 416 208 416 272 0 8
r 480 208 480 272 0 12
w 480 272 448 272 0
w 416 272 448 272 0
370 448 272 448 336 3 0 0
w 448 336 48 336 3
w 48 336 48 288 0
g 48 336 48 384 0 0
w 480 144 528 144 0
w 480 272 528 272 0
p 528 144 528 272 3 0 0 10000000
11).$ 1 0.000005 382.76258214399064 31 5 50 5e-11
v 64 224 64 144 0 0 40 24 0 0 0.5
370 64 144 64 96 3 0 0
w 304 96 240 96 0
w 64 96 128 96 0
w 304 96 304 128 0
w 304 224 304 192 0
r 304 128 304 192 0 4.8
r 128 96 240 96 0 1.2
w 240 96 240 64 0
w 128 96 128 64 0
w 304 128 352 128 0
w 304 192 352 192 0
p 128 64 240 64 3 0 0 10000000
p 352 128 352 192 3 0 0 10000000
w 304 224 64 224 3
g 64 224 64 256 0 0
12).$ 1 0.000005 382.76258214399064 26 5 50 5e-11
v 80 224 80 176 0 0 40 20 0 0 0.5
w 80 64 336 64 3
v 240 160 320 80 0 0 40 5 0 0 0.5
r 240 160 336 256 0 5
v 368 224 432 160 0 0 40 8 0 0 0.5
r 432 160 352 80 0 10
r 320 160 432 160 0 4
w 80 256 336 256 3
w 80 64 80 176 0
w 80 256 80 224 0
g 80 224 80 288 0 0
370 240 160 320 160 3 0 0
370 368 224 336 256 3 0 0
w 320 80 336 64 0
w 352 80 336 64 0
